73
5 -10
3 -6
0 5
5 0
-4 8
-8 6
-6 -3
2 1
-6 7
-4 -7
9 -3
0 -10
5 -5
5 5
-1 7
6 3
-5 -5
3 9
-8 -4
2 -9
0 0
7 6
-4 -2
-3 6
-5 10
8 4
-3 -4
-7 -1
-2 -1
-2 -6
10 0
-2 4
10 5
6 -7
-1 -3
2 -4
-1 -8
7 -4
-9 3
1 3
6 -2
-7 -6
-3 -9
4 7
-5 0
-6 2
1 8
9 2
7 1
4 -3
2 6
0 10
-3 1
8 -6
4 2
0 -5
-7 4
3 4
-5 5
1 -7
-4 3
1 -2
-9 -2
3 -1
-10 -5
8 -1
4 -8
-8 1
-1 2
-10 0
6 8
-2 9
-6 -8
2 4
5 10
-2 -9
-4 -3
0 -10
8 6
-8 -6
5 5
5 -5
-1 -7
0 5
-7 6
-8 4
-5 0
1 2
-2 -4
0 -5
4 3
3 6
-6 -2
9 -2
3 1
-5 5
-5 -5
-10 5
4 -7
-1 -2
0 0
-3 -1
5 0
-5 -10
6 2
1 -8
3 -9
2 -6
-9 2
-6 3
-3 4
1 7
-1 3
-2 6
2 9
-10 0
-9 -3
7 -6
6 -8
10 0
3 -4
1 -3
7 -1
-6 -7
4 8
8 -4
6 7
-8 -1
-7 -4
-3 9
7 4
9 3
8 1
10 -5
-4 -8
-7 1
2 -1
-4 7
-6 8
-4 2
0 10
-3 -6
6 -3
-2 1
-1 8
4 -2
