50 50
1 2
2 3
2 4
3 5
3 6
4 7
4 8
5 9
5 10
6 11
6 12
7 13
7 14
8 15
8 16
9 17
9 18
10 19
10 20
11 21
11 22
12 23
12 24
13 25
13 26
14 27
14 28
15 29
15 30
16 31
16 32
17 33
17 34
18 35
18 36
19 37
19 38
20 39
20 40
21 41
21 42
22 43
22 44
23 45
23 46
24 47
24 48
25 49
25 50
1 1
2 1
3 1
4 1
5 1
6 1
7 1
8 1
9 1
10 1
11 1
12 1
13 1
14 1
15 1
16 1
17 1
18 1
19 1
20 1
21 1
22 1
23 1
24 1
25 1
26 1
27 1
28 1
29 1
30 1
31 1
32 1
33 1
34 1
35 1
36 1
37 1
38 1
39 1
40 1
41 1
42 1
43 1
44 1
45 1
46 1
47 1
48 1
49 1
50 1